Name :- MURALI S
Joint Holder :- -
THANAL, TC-6/1483,
PAPERMILL ROAD,
THIRUVANANTHAPURAM-695017
.-INDIA
Currency :- INR
Customer ID :- 961467188
IFSC Code :- UTIB0005157
MICR Code :- 560211163
Nominee Registered :- N                                                                                                   
Registered Mobile No :- XXXXXX5987
Registered Email ID :- MUXXXXSC@GMAIL.COM
PAN :- DEEPS4624R
CKYC NUMBER :- XXXXXXXXXX0533

Statement of Account No - 5153341817 for the period (From : 01-04-2023 To : 31-12-2023)

Tran Date,CHQNO,PARTICULARS,DR,CR,BAL,SOL
25-04-2023,2354004206      ,NEFT INWARD NEFT IN UTR CITIN23354002425 F ROM AARTI PHARMALABS LTD N115232430983517TXN RE DI, ,               159.41,            87508.18,5157
30-06-2023,-,INTEREST EARNED Period: 01APR2023 - 30JUN2023 for Savings account, ,               654.00,            88162.18,5157
30-09-2023,-,INTEREST EARNED Period: 01JUL2023 - 30SEP2023 for Savings account, ,               667.00,            88829.18,5157
05-12-2023,MCUPOS 03DEC2035,PURCHASE Card no.: 5497778037927100 03D EC23 203533 LULU INTERNATIONAL SHO\COUNTER Ref: 12,               999.00, ,            87830.18,5157
05-12-2023,MCUPOS 03DEC1621,PURCHASE Card no.: 5497778037927100 03D EC23 162112 LULU INTERNATIONAL SHO\COUNTER Ref: 12,              4115.00, ,            83715.18,5157
06-12-2023,MCUPOS 04DEC1748,PURCHASE Card no.: 5497778037927100 04D EC23 174804 ULLOOR MEDICALS 195826\TC 2 42 Ref: 12,               540.00, ,            83175.18,5157
08-12-2023,MCUPOS 06DEC1124,PURCHASE Card no.: 5497778037927100 06D EC23 112411 GREEN TRENDS\1ST FLOOR  TC 5 2 Ref: 12,               218.30, ,            82956.88,5157
08-12-2023,MCUPOS 06DEC1137,PURCHASE Card no.: 5497778037927100 06D EC23 113755 C K TRADERS\C K APPAREL JOCKEY Ref: 12,              1148.00, ,            81808.88,5157
26-12-2023,MCUPOS 22DEC1514,PURCHASE Card no.: 5497778037927100 19D EC23 194355 Bumble help@bumble.com\Suite 1 Ref: 33,               299.00, ,            81509.88,5157
26-12-2023,MCUPOS 24DEC1314,PURCHASE Card no.: 5497778037927100 24D EC23 022505 OMGYES                \2930 SH Ref: 00,              1417.00, ,            80092.88,5157
29-12-2023,NPCI   29DEC1251,IMPS INWARD ORG IMPSTO from Mr  MURALI  S STAT E BANK OF INDIA REF NO: - 336312643118, ,            200000.00,           280092.88,5157
30-12-2023,-,INTEREST EARNED Period: 01OCT2023 - 31DEC2023 for Savings account, ,               705.00,           280797.88,5157

"Unless the constituent notifies the bank immediately of any discrepancy found by him/her in this statement of Account, it will be taken that he/she has found the account correct. "

"The closing balance as shown/displayed includes not only the credit balance and / or overdraft limit, but also funds which are under clearing. "
"It excludes the amount marked as lien, if any. Hence the closing balance displayed may not be the effective available balance. For any further clarifications, please contact the Branch. "

"We would like to reiterate that, as a policy, Axis Bank does not ask you to part with/disclose/revalidate of your iConnect passord,login id and debit card number through emails OR phone call "
"Further, we would like to reiterate that Axis Bank shall not be liable for any losses arising from you sharing/disclosing of your login id, password and debit card number to anyone. Please co-operate by forwarding all such suspicious/spam emails, if received by you, to customer.service@axisbank.com "

"With effect from 1st August 2016, the replacement charges for Debit card and ATM card applicable on Current accounts have been revised. To know more about the applicable charges,please visit www.axisbank.com "

"Deposit Insurance and Credit Guarantee Corporation (DICGC) insurance cover is applicable in all Bank's deposits, such as savings, current, fixed, recurring etc.* up to maximum amount of Rs 5 Lakh including principal &interest both* (*for exceptions and details please refer http://www.dicgc.org.in/ )"

"In compliance with regulatory guidelines, the non-CTS cheque books attached to the accounts would be destroyed in banks core banking System. Thus, Non CTS cheques will not be valid for CASH, Clearing and Transfer transactions"

"REGISTERED OFFICE - AXIS BANK LTD,TRISHUL,Opp. Samartheswar Temple, Near Law Garden, Ellisbridge,    Ahmedabad . 380006."

"BRANCH ADDRESS - AXIS BANK LTD, null, NO 5 M G ROAD, ,  ,  560001,  BENGALURU,  KARNATAKA, INDIA, TEL:  FAX:
"This is a system generated output and requires no signature."

Legend : 
 ICONN , Transaction trough Internet Banking 
VMT-ICON , Visa Money Transfer through Internet Banking 
AUTOSWEEP , Transfer to linked fixed deposit 
REV SWEEP , Interest on Linked fixed Deposit 
SWEEP TRF , Transfer from Linked Fixed Deposit / Account 
VMT , Visa Money Transfer through ATM 
CWDR , Cash Withdrawal through ATM 
PUR , POS purchase 
TIP/ SCG , Surcharge on usage of debit card at pumps/railway ticket purchase or hotel tips 
RATE.DIFF , Difference in rates on usage of card internationally 
CLG , Cheque Clearing Transaction 
EDC , Credit transaction through EDC Machine 
SETU , Seamless electronic fund transfer through AXIS Bank 
Int.pd , Interest paid to customer 
Int.Coll , Interest collected from the customer 
